date,accum_confirm,new_confirm,infect_rate,accum_death,new_death,fatal_rate
2020-01-23,0,0,0.0,0,0,0.0
2020-01-24,0,0,0.0,0,0,0.0
2020-01-25,0,0,0.0,0,0,0.0
2020-01-26,0,0,0.0,0,0,0.0
2020-01-27,0,0,0.0,0,0,0.0
2020-01-28,0,0,0.0,0,0,0.0
2020-01-29,0,0,0.0,0,0,0.0
2020-01-30,0,0,0.0,0,0,0.0
2020-01-31,0,0,0.0,0,0,0.0
2020-02-01,0,0,0.0,0,0,0.0
2020-02-02,0,0,0.0,0,0,0.0
2020-02-03,0,0,0.0,0,0,0.0
2020-02-04,0,0,0.0,0,0,0.0
2020-02-05,0,0,0.0,0,0,0.0
2020-02-06,0,0,0.0,0,0,0.0
2020-02-07,0,0,0.0,0,0,0.0
2020-02-08,0,0,0.0,0,0,0.0
2020-02-09,0,0,0.0,0,0,0.0
2020-02-10,0,0,0.0,0,0,0.0
2020-02-11,0,0,0.0,0,0,0.0
2020-02-12,0,0,0.0,0,0,0.0
2020-02-13,0,0,0.0,0,0,0.0
2020-02-14,0,0,0.0,0,0,0.0
2020-02-15,0,0,0.0,0,0,0.0
2020-02-16,0,0,0.0,0,0,0.0
2020-02-17,0,0,0.0,0,0,0.0
2020-02-18,0,0,0.0,0,0,0.0
2020-02-19,0,0,0.0,0,0,0.0
2020-02-20,0,0,0.0,0,0,0.0
2020-02-21,0,0,0.0,0,0,0.0
2020-02-22,0,0,0.0,0,0,0.0
2020-02-23,0,0,0.0,0,0,0.0
2020-02-24,0,0,0.0,0,0,0.0
2020-02-25,0,0,0.0,0,0,0.0
2020-02-26,0,0,0.0,0,0,0.0
2020-02-27,0,0,0.0,0,0,0.0
2020-02-28,0,0,0.0,0,0,0.0
2020-02-29,0,0,0.0,0,0,0.0
2020-03-01,0,0,0.0,0,0,0.0
2020-03-02,0,0,0.0,0,0,0.0
2020-03-03,0,0,0.0,0,0,0.0
2020-03-04,0,0,0.0,0,0,0.0
2020-03-05,3,3,0.0,0,0,0.0
2020-03-06,4,1,0.0,0,0,0.0
2020-03-07,8,4,0.0,0,0,0.0
2020-03-08,11,3,0.0,0,0,0.0
2020-03-09,13,2,0.0,0,0,0.0
2020-03-10,16,3,0.0,0,0,0.0
2020-03-11,21,5,0.0,0,0,0.0
2020-03-12,27,6,0.0,0,0,0.0
2020-03-13,44,17,0.0,0,0,0.0
2020-03-14,60,16,0.0,0,0,0.0
2020-03-15,63,3,0.0,0,0,0.0
2020-03-16,86,23,0.0,0,0,0.0
2020-03-17,111,25,0.0,1,1,0.9
2020-03-18,199,88,0.0,3,2,1.51
2020-03-19,308,109,0.0,5,2,1.62
2020-03-20,433,125,0.0,4,-1,0.92
2020-03-21,552,119,0.0,5,1,0.91
2020-03-22,660,108,0.0,7,2,1.06
2020-03-23,779,119,0.0,9,2,1.15
2020-03-24,980,201,0.0,13,4,1.33
2020-03-25,1264,284,0.0,16,3,1.27
2020-03-26,1606,342,0.01,22,6,1.37
2020-03-27,1998,392,0.01,27,5,1.35
2020-03-28,2522,524,0.01,31,4,1.23
2020-03-29,2877,355,0.01,39,8,1.34
2020-03-30,3245,368,0.01,47,8,1.44
2020-03-31,3945,700,0.01,57,10,1.43
2020-04-01,4526,582,0.02,69,13,1.53
2020-04-02,5259,732,0.02,80,11,1.53
2020-04-03,5955,696,0.02,107,27,1.79
2020-04-04,6824,869,0.02,124,18,1.82
2020-04-05,7534,710,0.03,145,21,1.93
2020-04-06,8396,863,0.03,163,17,1.94
2020-04-07,9300,904,0.03,173,10,1.86
2020-04-08,10191,891,0.04,202,29,1.98
2020-04-09,11682,1491,0.04,224,22,1.91
2020-04-10,12617,935,0.04,253,29,2.0
2020-04-11,13573,956,0.05,287,34,2.11
2020-04-12,14280,707,0.05,304,18,2.13
2020-04-13,14907,627,0.05,329,25,2.21
2020-04-14,15704,797,0.05,369,40,2.35
2020-04-15,16644,940,0.06,404,35,2.43
2020-04-16,17694,1050,0.06,443,39,2.5
2020-04-17,18756,1062,0.06,482,39,2.57
2020-04-18,19676,920,0.07,510,28,2.59
2020-04-19,20284,609,0.07,524,14,2.58
2020-04-20,20822,538,0.07,546,22,2.62
2020-04-21,21758,936,0.08,576,29,2.65
2020-04-22,22567,808,0.08,601,25,2.66
2020-04-23,23989,1422,0.08,654,53,2.73
2020-04-24,25061,1072,0.09,674,20,2.69
2020-04-25,25669,608,0.09,690,16,2.69
2020-04-26,26615,946,0.09,703,13,2.64
2020-04-27,27031,416,0.09,719,16,2.66
2020-04-28,28219,1188,0.1,778,59,2.76
2020-04-29,29191,972,0.1,814,36,2.79
2020-04-30,30824,1633,0.11,875,61,2.84
2020-05-01,31946,1122,0.11,903,28,2.83
2020-05-02,33351,1404,0.12,927,24,2.78
2020-05-03,34601,1250,0.12,943,17,2.73
2020-05-04,35469,868,0.12,967,24,2.73
2020-05-05,36800,1331,0.13,995,28,2.7
2020-05-06,37917,1116,0.13,1029,34,2.71
2020-05-07,39156,1239,0.14,1063,35,2.72
2020-05-08,40509,1353,0.14,1105,42,2.73
2020-05-09,41760,1252,0.14,1147,43,2.75
2020-05-10,42731,971,0.15,1178,31,2.76
2020-05-11,44029,1298,0.15,1202,24,2.73
2020-05-12,45045,1017,0.16,1236,34,2.74
2020-05-13,46887,1842,0.16,1264,28,2.7
2020-05-14,48559,1672,0.17,1333,69,2.75
2020-05-15,49967,1409,0.17,1391,58,2.78
2020-05-16,52484,2517,0.18,1436,45,2.74
2020-05-17,53508,1024,0.18,1461,25,2.73
2020-05-18,54332,824,0.19,1469,8,2.7
2020-05-19,55831,1498,0.19,1514,45,2.71
2020-05-20,57092,1262,0.2,1557,43,2.73
2020-05-21,58574,1482,0.2,1592,35,2.72
2020-05-22,59119,545,0.2,1602,10,2.71
2020-05-23,60420,1300,0.21,1610,8,2.66
2020-05-24,61595,1175,0.21,1677,67,2.72
2020-05-25,62200,605,0.21,1682,5,2.7
2020-05-26,63064,864,0.22,1697,15,2.69
2020-05-27,64474,1411,0.22,1736,39,2.69
2020-05-28,66528,2054,0.23,1766,30,2.65
2020-05-29,67034,506,0.23,1774,8,2.65
2020-05-30,68981,1947,0.24,1803,29,2.61
2020-05-31,71108,2126,0.25,1828,25,2.57
2020-06-01,72064,957,0.25,1836,8,2.55
2020-06-02,74028,1964,0.26,1870,34,2.53
2020-06-03,75799,1770,0.26,1901,31,2.51
2020-06-04,77582,1784,0.27,1934,33,2.49
2020-06-05,79730,2148,0.27,1972,38,2.47
2020-06-06,81947,2217,0.28,1994,22,2.43
2020-06-07,82919,971,0.29,2002,8,2.41
2020-06-08,84024,1105,0.29,2009,7,2.39
2020-06-09,85862,1838,0.3,2031,22,2.37
2020-06-10,88523,2661,0.31,2070,38,2.34
2020-06-11,90470,1948,0.31,2100,31,2.32
2020-06-12,92855,2384,0.32,2130,30,2.29
2020-06-13,94914,2059,0.33,2145,15,2.26
2020-06-14,96555,1641,0.33,2159,14,2.24
2020-06-15,98312,1757,0.34,2176,17,2.21
2020-06-16,101776,3465,0.35,2226,50,2.19
2020-06-17,106050,4274,0.37,2271,45,2.14
