date,accum_confirm,new_confirm,infect_rate,accum_death,new_death,fatal_rate
2020-01-23,0,0,0.0,0,0,0.0
2020-01-24,0,0,0.0,0,0,0.0
2020-01-25,0,0,0.0,0,0,0.0
2020-01-26,0,0,0.0,0,0,0.0
2020-01-27,0,0,0.0,0,0,0.0
2020-01-28,0,0,0.0,0,0,0.0
2020-01-29,0,0,0.0,0,0,0.0
2020-01-30,0,0,0.0,0,0,0.0
2020-01-31,0,0,0.0,0,0,0.0
2020-02-01,1,1,0.0,0,0,0.0
2020-02-02,1,0,0.0,0,0,0.0
2020-02-03,1,0,0.0,0,0,0.0
2020-02-04,1,0,0.0,0,0,0.0
2020-02-05,1,0,0.0,0,0,0.0
2020-02-06,1,0,0.0,0,0,0.0
2020-02-07,1,0,0.0,0,0,0.0
2020-02-08,1,0,0.0,0,0,0.0
2020-02-09,1,0,0.0,0,0,0.0
2020-02-10,1,0,0.0,0,0,0.0
2020-02-11,1,0,0.0,0,0,0.0
2020-02-12,1,0,0.0,0,0,0.0
2020-02-13,1,0,0.0,0,0,0.0
2020-02-14,1,0,0.0,0,0,0.0
2020-02-15,1,0,0.0,0,0,0.0
2020-02-16,1,0,0.0,0,0,0.0
2020-02-17,1,0,0.0,0,0,0.0
2020-02-18,1,0,0.0,0,0,0.0
2020-02-19,1,0,0.0,0,0,0.0
2020-02-20,1,0,0.0,0,0,0.0
2020-02-21,1,0,0.0,0,0,0.0
2020-02-22,1,0,0.0,0,0,0.0
2020-02-23,1,0,0.0,0,0,0.0
2020-02-24,1,0,0.0,0,0,0.0
2020-02-25,1,0,0.0,0,0,0.0
2020-02-26,1,0,0.0,0,0,0.0
2020-02-27,1,0,0.0,0,0,0.0
2020-02-28,1,0,0.0,0,0,0.0
2020-02-29,1,0,0.0,0,0,0.0
2020-03-01,2,1,0.0,0,0,0.0
2020-03-02,4,2,0.0,0,0,0.0
2020-03-03,6,2,0.0,0,0,0.0
2020-03-04,6,0,0.0,0,0,0.0
2020-03-05,6,0,0.0,0,0,0.0
2020-03-06,10,4,0.0,0,0,0.0
2020-03-07,11,1,0.0,0,0,0.0
2020-03-08,30,19,0.0,0,0,0.0
2020-03-09,30,0,0.0,0,0,0.0
2020-03-10,50,20,0.0,0,0,0.0
2020-03-11,106,56,0.0,0,0,0.0
2020-03-12,124,18,0.0,0,0,0.0
2020-03-13,146,22,0.0,0,0,0.0
2020-03-14,194,48,0.0,0,0,0.0
2020-03-15,196,2,0.0,0,0,0.0
2020-03-16,295,99,0.0,0,0,0.0
2020-03-17,372,77,0.0,0,0,0.0
2020-03-18,466,94,0.0,1,1,0.21
2020-03-19,605,139,0.0,4,3,0.66
2020-03-20,752,147,0.01,7,3,0.93
2020-03-21,927,175,0.01,7,0,0.76
2020-03-22,1223,296,0.01,12,5,0.98
2020-03-23,1494,271,0.01,15,3,1.0
2020-03-24,2105,611,0.01,20,5,0.95
2020-03-25,3023,918,0.02,31,11,1.03
2020-03-26,3732,709,0.03,43,12,1.15
2020-03-27,4853,1121,0.03,60,17,1.24
2020-03-28,6148,1295,0.04,76,16,1.24
2020-03-29,7407,1259,0.05,83,7,1.12
2020-03-30,8643,1236,0.06,94,11,1.09
2020-03-31,10570,1927,0.07,160,66,1.51
2020-04-01,12225,1655,0.08,209,49,1.71
2020-04-02,14079,1854,0.09,269,60,1.91
2020-04-03,16717,2638,0.11,331,62,1.98
2020-04-04,18480,1763,0.12,389,58,2.1
2020-04-05,19980,1500,0.13,428,39,2.14
2020-04-06,22690,2710,0.15,473,45,2.08
2020-04-07,25116,2426,0.17,641,168,2.55
2020-04-08,27062,1946,0.18,718,77,2.65
2020-04-09,31251,4189,0.21,842,124,2.69
2020-04-10,34264,3013,0.23,909,67,2.65
2020-04-11,37566,3302,0.25,1211,302,3.22
2020-04-12,40593,3027,0.27,1345,134,3.31
2020-04-13,43406,2813,0.29,1394,49,3.21
2020-04-14,45160,1754,0.3,1463,69,3.24
2020-04-15,48690,3530,0.33,2018,555,4.14
2020-04-16,52191,3501,0.35,2128,110,4.08
2020-04-17,56775,4584,0.38,2332,204,4.11
2020-04-18,59548,2773,0.4,2542,210,4.27
2020-04-19,61993,2445,0.42,2885,343,4.65
2020-04-20,66016,4023,0.44,3091,206,4.68
2020-04-21,68405,2389,0.46,3453,362,5.05
2020-04-22,72886,4481,0.49,3577,124,4.91
2020-04-23,77201,4315,0.52,3675,98,4.76
2020-04-24,83360,6159,0.56,3807,132,4.57
2020-04-25,86929,3569,0.59,4671,864,5.37
2020-04-26,89704,2775,0.6,4780,109,5.33
2020-04-27,92324,2620,0.62,5106,326,5.53
2020-04-28,94912,2588,0.64,5334,228,5.62
2020-04-29,98110,3198,0.66,5667,333,5.78
2020-04-30,101627,3517,0.68,5971,304,5.88
2020-05-01,105465,3838,0.71,6211,240,5.89
2020-05-02,108550,3085,0.73,6443,232,5.94
2020-05-03,110213,1663,0.74,6601,158,5.99
2020-05-04,112462,2249,0.76,6804,203,6.05
2020-05-05,114513,2051,0.77,7008,204,6.12
2020-05-06,117229,2716,0.79,7306,298,6.23
2020-05-07,120018,2789,0.81,7544,238,6.29
2020-05-08,122551,2533,0.83,7771,227,6.34
2020-05-09,124759,2208,0.84,7968,197,6.39
2020-05-10,126471,1712,0.85,8140,172,6.44
2020-05-11,129337,2866,0.87,8311,171,6.43
2020-05-12,131114,1777,0.88,8378,67,6.39
2020-05-13,133417,2303,0.9,8635,257,6.47
2020-05-14,135939,2522,0.92,8948,313,6.58
2020-05-15,138008,2069,0.93,9124,176,6.61
2020-05-16,140343,2335,0.95,9293,169,6.62
2020-05-17,142309,1966,0.96,9456,163,6.64
2020-05-18,144113,1804,0.97,9563,107,6.64
2020-05-19,145541,1428,0.98,9663,100,6.64
2020-05-20,148499,2958,1.0,9848,185,6.63
2020-05-21,150240,1741,1.01,10024,176,6.67
2020-05-22,151962,1722,1.02,10160,136,6.69
2020-05-23,153525,1563,1.03,10276,116,6.69
2020-05-24,155257,1732,1.05,10364,88,6.68
2020-05-25,156379,1122,1.05,10457,93,6.69
2020-05-26,157324,945,1.06,10541,84,6.7
2020-05-27,158323,999,1.07,10650,109,6.73
2020-05-28,159626,1303,1.08,10770,120,6.75
2020-05-29,160786,1160,1.08,10957,187,6.81
2020-05-30,161947,1161,1.09,11055,98,6.83
2020-05-31,163063,1116,1.1,11171,116,6.85
2020-06-01,163991,928,1.1,11379,208,6.94
2020-06-02,164687,696,1.11,11449,70,6.95
2020-06-03,165329,642,1.11,11543,94,6.98
2020-06-04,166098,769,1.12,11620,77,7.0
2020-06-05,166842,744,1.12,11691,71,7.01
2020-06-06,167988,1146,1.13,11771,80,7.01
2020-06-07,168520,532,1.14,11818,47,7.01
2020-06-08,169885,1365,1.14,11868,50,6.99
2020-06-09,170257,372,1.15,11935,67,7.01
2020-06-10,170819,562,1.15,12017,82,7.03
2020-06-11,171528,709,1.16,12090,73,7.05
2020-06-12,172260,732,1.16,12156,66,7.06
2020-06-13,172974,714,1.17,12224,68,7.07
2020-06-14,173360,386,1.17,12289,65,7.09
2020-06-15,174067,707,1.17,12316,27,7.08
2020-06-16,174356,289,1.17,12347,31,7.08
2020-06-17,174789,433,1.18,12430,83,7.11
2020-06-18,175206,417,1.18,12474,44,7.12
2020-06-19,175641,435,1.18,12522,48,7.13
2020-06-20,176140,499,1.19,12565,43,7.13
