date,accum_confirm,new_confirm,infect_rate,accum_death,new_death,fatal_rate
2020-01-23,0,0,0.0,0,0,0.0
2020-01-24,1,1,0.0,0,0,0.0
2020-01-25,1,0,0.0,0,0,0.0
2020-01-26,1,0,0.0,0,0,0.0
2020-01-27,1,0,0.0,0,0,0.0
2020-01-28,1,0,0.0,0,0,0.0
2020-01-29,1,0,0.0,0,0,0.0
2020-01-30,1,0,0.0,0,0,0.0
2020-01-31,2,1,0.0,0,0,0.0
2020-02-01,2,0,0.0,0,0,0.0
2020-02-02,2,0,0.0,0,0,0.0
2020-02-03,2,0,0.0,0,0,0.0
2020-02-04,2,0,0.0,0,0,0.0
2020-02-05,2,0,0.0,0,0,0.0
2020-02-06,2,0,0.0,0,0,0.0
2020-02-07,2,0,0.0,0,0,0.0
2020-02-08,2,0,0.0,0,0,0.0
2020-02-09,2,0,0.0,0,0,0.0
2020-02-10,2,0,0.0,0,0,0.0
2020-02-11,2,0,0.0,0,0,0.0
2020-02-12,2,0,0.0,0,0,0.0
2020-02-13,2,0,0.0,0,0,0.0
2020-02-14,2,0,0.0,0,0,0.0
2020-02-15,2,0,0.0,0,0,0.0
2020-02-16,2,0,0.0,0,0,0.0
2020-02-17,2,0,0.0,0,0,0.0
2020-02-18,2,0,0.0,0,0,0.0
2020-02-19,2,0,0.0,0,0,0.0
2020-02-20,2,0,0.0,0,0,0.0
2020-02-21,2,0,0.0,0,0,0.0
2020-02-22,2,0,0.0,0,0,0.0
2020-02-23,2,0,0.0,0,0,0.0
2020-02-24,2,0,0.0,0,0,0.0
2020-02-25,2,0,0.0,0,0,0.0
2020-02-26,2,0,0.0,0,0,0.0
2020-02-27,2,0,0.0,0,0,0.0
2020-02-28,2,0,0.0,0,0,0.0
2020-02-29,2,0,0.0,0,0,0.0
2020-03-01,3,1,0.0,0,0,0.0
2020-03-02,4,1,0.0,0,0,0.0
2020-03-03,4,0,0.0,0,0,0.0
2020-03-04,4,0,0.0,0,0,0.0
2020-03-05,7,3,0.0,0,0,0.0
2020-03-06,13,6,0.0,0,0,0.0
2020-03-07,16,3,0.0,0,0,0.0
2020-03-08,26,10,0.0,0,0,0.0
2020-03-09,31,5,0.0,0,0,0.0
2020-03-10,66,35,0.0,1,1,1.52
2020-03-11,99,33,0.0,1,0,1.01
2020-03-12,129,30,0.0,1,0,0.78
2020-03-13,215,86,0.0,1,0,0.47
2020-03-14,290,75,0.0,2,1,0.69
2020-03-15,303,13,0.0,3,1,0.99
2020-03-16,512,209,0.0,5,2,0.98
2020-03-17,762,250,0.0,7,2,0.92
2020-03-18,1128,366,0.0,10,3,0.89
2020-03-19,1655,526,0.0,15,5,0.91
2020-03-20,2123,469,0.0,19,4,0.89
2020-03-21,3092,969,0.0,35,16,1.13
2020-03-22,4252,1160,0.01,42,7,0.98
2020-03-23,5612,1359,0.01,56,14,0.99
2020-03-24,7067,1455,0.01,65,9,0.92
2020-03-25,8539,1472,0.01,84,19,0.98
2020-03-26,11432,2893,0.02,100,16,0.87
2020-03-27,15250,3819,0.02,128,29,0.84
2020-03-28,18881,3630,0.03,198,69,1.05
2020-03-29,23151,4270,0.03,284,86,1.22
2020-03-30,27498,4348,0.04,319,36,1.16
2020-03-31,32619,5120,0.05,292,-27,0.9
2020-04-01,38361,5742,0.06,705,413,1.84
2020-04-02,44354,5994,0.07,962,257,2.17
2020-04-03,52094,7740,0.08,1168,206,2.24
2020-04-04,62589,10494,0.09,1455,287,2.32
2020-04-05,69329,6740,0.1,1628,173,2.35
2020-04-06,76963,7633,0.12,1828,200,2.38
2020-04-07,86077,9114,0.13,2264,436,2.63
2020-04-08,95243,9166,0.14,2743,479,2.88
2020-04-09,104161,8918,0.16,3096,352,2.97
2020-04-10,113174,9013,0.17,3508,413,3.1
2020-04-11,121275,8101,0.18,4013,505,3.31
2020-04-12,129560,8285,0.19,4354,341,3.36
2020-04-13,136759,7199,0.2,4644,290,3.4
2020-04-14,144521,7762,0.22,5313,669,3.68
2020-04-15,151635,7115,0.23,5898,585,3.89
2020-04-16,160974,9338,0.24,6556,659,4.07
2020-04-17,170495,9521,0.25,7116,560,4.17
2020-04-18,179764,9269,0.27,7719,603,4.29
2020-04-19,189193,9430,0.28,8346,627,4.41
2020-04-20,197803,8610,0.3,8733,387,4.41
2020-04-21,204220,6417,0.31,9276,543,4.54
2020-04-22,214696,10476,0.32,10364,1088,4.83
2020-04-23,225538,10843,0.34,10971,608,4.86
2020-04-24,235443,9904,0.35,11500,529,4.88
2020-04-25,244525,9082,0.37,11984,483,4.9
2020-04-26,253916,9391,0.38,12153,169,4.79
2020-04-27,260924,7008,0.39,12525,372,4.8
2020-04-28,270073,9149,0.4,13392,868,4.96
2020-04-29,278281,8208,0.42,14414,1021,5.18
2020-04-30,287806,9525,0.43,15269,856,5.31
2020-05-01,299004,11198,0.45,15941,672,5.33
2020-05-02,307446,8442,0.46,16472,531,5.36
2020-05-03,317204,9758,0.47,16807,335,5.3
2020-05-04,325316,8113,0.49,17095,288,5.25
2020-05-05,334060,8744,0.5,18124,1029,5.43
2020-05-06,341591,7531,0.51,18922,798,5.54
2020-05-07,350940,9349,0.52,19718,796,5.62
2020-05-08,360407,9467,0.54,20272,554,5.62
2020-05-09,368416,8009,0.55,20706,434,5.62
2020-05-10,375155,6739,0.56,20999,292,5.6
2020-05-11,381573,6418,0.57,21239,241,5.57
2020-05-12,389500,7927,0.58,21873,634,5.62
2020-05-13,394849,5349,0.59,22583,709,5.72
2020-05-14,403740,8890,0.6,23302,719,5.77
2020-05-15,411846,8106,0.62,23896,594,5.8
2020-05-16,419042,7196,0.63,24259,363,5.79
2020-05-17,424960,5918,0.64,24497,238,5.76
2020-05-18,432791,7831,0.65,24749,252,5.72
2020-05-19,439766,6976,0.66,25338,589,5.76
2020-05-20,446849,7083,0.67,25965,626,5.81
2020-05-21,454647,7798,0.68,26395,431,5.81
2020-05-22,462137,7490,0.69,26923,527,5.83
2020-05-23,468574,6437,0.7,27344,421,5.84
2020-05-24,474561,5987,0.71,27545,201,5.8
2020-05-25,480640,6080,0.72,27683,138,5.76
2020-05-26,486806,6166,0.73,27871,188,5.73
2020-05-27,491544,4738,0.73,28426,555,5.78
2020-05-28,498177,6633,0.74,28859,433,5.79
2020-05-29,505430,7253,0.76,29287,428,5.79
2020-05-30,511839,6409,0.76,29621,334,5.79
2020-05-31,516668,4828,0.77,29802,180,5.77
2020-06-01,521178,4511,0.78,29978,176,5.75
2020-06-02,526237,5058,0.79,30351,373,5.77
2020-06-03,530722,4485,0.79,30748,397,5.79
2020-06-04,535619,4897,0.8,31152,404,5.82
2020-06-05,540664,5046,0.81,31438,286,5.81
2020-06-06,545589,4925,0.82,31668,229,5.8
2020-06-07,549436,3847,0.82,31839,171,5.79
2020-06-08,552681,3244,0.83,31959,120,5.78
2020-06-09,556126,3446,0.83,32294,335,5.81
2020-06-10,559600,3474,0.84,32587,293,5.82
2020-06-11,563184,3584,0.84,32868,281,5.84
2020-06-12,566646,3462,0.85,33113,245,5.84
2020-06-13,570499,3852,0.85,33408,295,5.86
2020-06-14,573113,2614,0.86,33500,92,5.85
2020-06-15,575792,2680,0.86,33645,146,5.84
2020-06-16,578542,2750,0.86,33894,248,5.86
2020-06-17,581767,3225,0.87,34135,242,5.87
2020-06-18,584996,3229,0.87,34325,190,5.87
