date,accum_confirm,new_confirm,infect_rate,accum_death,new_death,fatal_rate
2020-01-23,0,0,0.0,0,0,0.0
2020-01-24,0,0,0.0,0,0,0.0
2020-01-25,0,0,0.0,0,0,0.0
2020-01-26,0,0,0.0,0,0,0.0
2020-01-27,0,0,0.0,0,0,0.0
2020-01-28,0,0,0.0,0,0,0.0
2020-01-29,0,0,0.0,0,0,0.0
2020-01-30,0,0,0.0,0,0,0.0
2020-01-31,0,0,0.0,0,0,0.0
2020-02-01,0,0,0.0,0,0,0.0
2020-02-02,0,0,0.0,0,0,0.0
2020-02-03,0,0,0.0,0,0,0.0
2020-02-04,0,0,0.0,0,0,0.0
2020-02-05,0,0,0.0,0,0,0.0
2020-02-06,0,0,0.0,0,0,0.0
2020-02-07,0,0,0.0,0,0,0.0
2020-02-08,0,0,0.0,0,0,0.0
2020-02-09,0,0,0.0,0,0,0.0
2020-02-10,0,0,0.0,0,0,0.0
2020-02-11,0,0,0.0,0,0,0.0
2020-02-12,0,0,0.0,0,0,0.0
2020-02-13,0,0,0.0,0,0,0.0
2020-02-14,0,0,0.0,0,0,0.0
2020-02-15,0,0,0.0,0,0,0.0
2020-02-16,0,0,0.0,0,0,0.0
2020-02-17,0,0,0.0,0,0,0.0
2020-02-18,0,0,0.0,0,0,0.0
2020-02-19,0,0,0.0,0,0,0.0
2020-02-20,0,0,0.0,0,0,0.0
2020-02-21,0,0,0.0,0,0,0.0
2020-02-22,0,0,0.0,0,0,0.0
2020-02-23,0,0,0.0,0,0,0.0
2020-02-24,0,0,0.0,0,0,0.0
2020-02-25,0,0,0.0,0,0,0.0
2020-02-26,0,0,0.0,0,0,0.0
2020-02-27,0,0,0.0,0,0,0.0
2020-02-28,0,0,0.0,0,0,0.0
2020-02-29,0,0,0.0,0,0,0.0
2020-03-01,0,0,0.0,0,0,0.0
2020-03-02,1,1,0.0,0,0,0.0
2020-03-03,2,1,0.0,0,0,0.0
2020-03-04,11,9,0.0,0,0,0.0
2020-03-05,23,12,0.0,0,0,0.0
2020-03-06,31,8,0.0,0,0,0.0
2020-03-07,76,45,0.0,0,0,0.0
2020-03-08,106,30,0.0,0,0,0.0
2020-03-09,142,36,0.0,0,0,0.0
2020-03-10,150,8,0.0,0,0,0.0
2020-03-11,220,70,0.0,0,0,0.0
2020-03-12,327,107,0.0,1,1,0.31
2020-03-13,421,94,0.0,2,1,0.48
2020-03-14,588,167,0.0,6,4,1.02
2020-03-15,615,27,0.0,12,6,1.95
2020-03-16,967,352,0.0,24,12,2.48
2020-03-17,1578,611,0.01,38,14,2.41
2020-03-18,3038,1460,0.01,63,25,2.07
2020-03-19,5686,2648,0.02,92,29,1.62
2020-03-20,7954,2268,0.03,147,55,1.85
2020-03-21,11727,3773,0.04,195,48,1.66
2020-03-22,15777,4050,0.06,248,53,1.57
2020-03-23,20777,5000,0.08,351,103,1.69
2020-03-24,25681,4904,0.1,473,122,1.84
2020-03-25,30841,5160,0.12,628,155,2.04
2020-03-26,37877,7036,0.14,857,229,2.26
2020-03-27,44876,6999,0.17,1124,267,2.5
2020-03-28,52410,7534,0.2,1479,355,2.82
2020-03-29,59648,7238,0.23,1857,378,3.11
2020-03-30,66663,7015,0.25,2258,401,3.39
2020-03-31,75833,9170,0.29,2739,481,3.61
2020-04-01,83948,8115,0.32,3352,613,3.99
2020-04-02,92506,8558,0.35,4055,703,4.38
2020-04-03,102987,10481,0.39,4795,740,4.66
2020-04-04,113833,10846,0.44,5564,769,4.89
2020-04-05,123160,9327,0.47,6447,883,5.23
2020-04-06,131815,8655,0.5,7500,1053,5.69
2020-04-07,139875,8060,0.53,8770,1270,6.27
2020-04-08,151061,11186,0.58,9682,912,6.41
2020-04-09,161779,10718,0.62,10705,1023,6.62
2020-04-10,172348,10569,0.66,11605,900,6.73
2020-04-11,181026,8678,0.69,12494,889,6.9
2020-04-12,189033,8007,0.72,13402,908,7.09
2020-04-13,195749,6716,0.75,14390,988,7.35
2020-04-14,203020,7271,0.78,15261,871,7.52
2020-04-15,214454,11434,0.82,16013,752,7.47
2020-04-16,223691,9237,0.86,16729,716,7.48
2020-04-17,230597,6906,0.88,17181,452,7.45
2020-04-18,237474,6877,0.91,17701,520,7.45
2020-04-19,243382,5908,0.93,18181,480,7.47
2020-04-20,248416,5034,0.95,19128,947,7.7
2020-04-21,253519,5103,0.97,19743,615,7.79
2020-04-22,258222,4703,0.99,20203,460,7.82
2020-04-23,263460,5238,1.01,20743,540,7.87
2020-04-24,271590,8130,1.04,20955,212,7.72
2020-04-25,282143,10553,1.08,22009,1054,7.8
2020-04-26,288045,5902,1.1,22269,260,7.73
2020-04-27,291996,3951,1.12,22668,399,7.76
2020-04-28,295106,3110,1.13,22912,244,7.76
2020-04-29,299691,4585,1.15,23477,565,7.83
2020-04-30,304372,4681,1.16,23587,110,7.75
2020-05-01,308314,3942,1.18,24039,452,7.8
2020-05-02,312977,4663,1.2,24198,159,7.73
2020-05-03,316415,3438,1.21,24708,510,7.81
2020-05-04,318953,2538,1.22,24999,291,7.84
2020-05-05,321192,2239,1.23,25124,125,7.82
2020-05-06,323978,2786,1.24,25623,499,7.91
2020-05-07,327469,3491,1.25,26144,521,7.98
2020-05-08,330407,2938,1.26,26243,99,7.94
2020-05-09,333122,2715,1.27,26612,369,7.99
2020-05-10,335395,2273,1.28,26641,29,7.94
2020-05-11,337055,1660,1.29,26988,347,8.01
2020-05-12,338485,1430,1.29,27284,296,8.06
2020-05-13,340661,2176,1.3,27477,193,8.07
2020-05-14,343051,2390,1.31,27641,164,8.06
2020-05-15,345813,2762,1.32,27878,237,8.06
2020-05-16,348232,2419,1.33,28049,171,8.05
2020-05-17,350121,1889,1.34,28232,183,8.06
2020-05-18,351371,1250,1.34,28339,107,8.07
2020-05-19,352845,1474,1.35,28558,219,8.09
2020-05-20,354370,1525,1.35,28636,78,8.08
2020-05-21,356458,2088,1.36,28743,107,8.06
2020-05-22,358154,1696,1.37,28853,110,8.06
2020-05-23,359926,1772,1.38,29031,178,8.07
2020-05-24,361515,1589,1.38,29141,110,8.06
2020-05-25,362764,1249,1.39,29229,88,8.06
2020-05-26,363836,1072,1.39,29302,73,8.05
2020-05-27,364965,1129,1.4,29484,182,8.08
2020-05-28,366733,1768,1.4,29529,45,8.05
2020-05-29,368284,1551,1.41,29646,117,8.05
2020-05-30,369660,1376,1.41,29710,64,8.04
2020-05-31,370770,1110,1.42,29784,74,8.03
2020-06-01,371711,941,1.42,29917,133,8.05
2020-06-02,373040,1329,1.43,29968,51,8.03
2020-06-03,374085,1045,1.43,30019,51,8.02
2020-06-04,375133,1048,1.43,30174,155,8.04
2020-06-05,376208,1075,1.44,30236,62,8.04
2020-06-06,377316,1108,1.44,30280,44,8.03
2020-06-07,378097,781,1.45,30374,94,8.03
2020-06-08,378799,702,1.45,30417,43,8.03
2020-06-09,379482,683,1.45,30458,41,8.03
2020-06-10,380156,674,1.45,30542,84,8.03
2020-06-11,380892,736,1.46,30580,38,8.03
